Data:0.17374680803204684,2.9178684981184007,-0.3741605112270302,21228673486358
Data:0.6242437191963746,3.4177545189874765,-1.0927940495383277,21228679342368
Data:2.5436987633430816,4.072180648850406,-1.391630228857218,21228687875253
Data:5.412264592226029,3.8542985953070454,-1.9015813949451807,21228689766879
Data:5.8692430864498535,3.45934505129602,-2.665453953082136,21228745405603
Data:6.8332659504834625,2.4210135639971897,-2.121122234776366,21228746942354
Data:7.922122106359052,1.3462033090917658,-2.5782835023540644,21228748990688
Data:8.393568406846896,-0.8485052808590922,-3.281711883518623,21228750879048
Data:8.443177090915526,-1.8987300708567432,-2.907071087753452,21228752878450
Data:8.457097444114845,-2.4655201286785884,-3.3270041295975212,21228755137327
Data:7.105658327844378,-4.936579409758371,-3.957111756405035,21228757783214
Data:5.400252769256724,-7.194425997870985,-3.6198730024635504,21228759903824
Data:4.430357242251955,-8.205750996676318,-4.192292554830164,21228762385141
Data:3.151730539355924,-8.59753568059233,-4.63783023077343,21228765698536
Data:0.18428657687727537,-8.16377248033399,-5.07723986959401,21228768556411
Data:-1.56576145968246,-8.147102876909173,-4.366587967475934,21228771899232
Data:-1.938289914872314,-8.183033687885985,-4.865882485705096,21228775853707
Data:-3.4045815508872237,-8.449988234754153,-4.198718366144231,21228780795980
Data:-4.112208141172914,-8.680360815150767,-4.596588921851998,21228786482105
Data:-4.5116530761509015,-8.799414768436737,-4.248858152257671,21228790466082
Data:-6.064216105945877,-10.333661732667235,-3.616990652450048,21228793382966
Data:-6.362771103029582,-12.366009130238728,-2.957911288334353,21228796417810
Data:-6.341014169857862,-12.414308490444716,-2.478801109407871,21228799773438
Data:-6.11949700933792,-12.897127874437057,-2.944089746248024,21228804491194
Data:-6.170047830525471,-13.46474590744765,-3.5167425213167904,21228810344084
Data:-6.188182523967441,-13.933783414490723,-2.843731552287302,21228818042108
Data:-6.1739590507259665,-14.391368417911758,-3.377306198155203,21228821982521
Data:-7.132278181570337,-16.6108604442769,-3.7210677796765013,21228825633910
Data:-7.434364749279837,-17.53520414672763,-3.1938572711911952,21228829380625
Data:-7.887593573835818,-19.029429528024547,-3.678328256060585,21228835423181
Data:-8.382730585409286,-20.812202479744418,-3.146669830281425,21228838007738
Data:-8.396915648860817,-20.914853179222302,-3.411151543551611,21228841034400
Data:-8.8065874993929,-21.45860477270037,-4.163402938916291,21228843955122
Data:-10.74566197411857,-23.26049708024824,-3.7638863370605167,21228850243952
Data:-11.42830126976238,-25.434423039300043,-3.12782286361381,21228855489279
Data:-11.581858712321388,-26.011038560015017,-3.67589783495531,21228859010123
Data:-13.02146671692733,-27.372299275809883,-4.234014206092599,21228863854845
Data:-14.463503006584483,-28.71807850747414,-3.6889955490744923,21228868884724
Data:-15.174486410568216,-29.27288567578511,-4.410509947709333,21228877885031
Data:-17.17143688112708,-30.402533450929575,-3.984654585656393,21228883284065
Data:-18.089856979829165,-31.711018259221,-3.522525192491075,21228888310996
Data:-18.39294619851837,-32.15115578096601,-3.9667603697300082,21228893175588
Data:-18.905658699917318,-32.83201442473987,-3.607310259075465,21228898629029
Data:-19.157924091627297,-33.18525339500955,-3.9161934579914495,21228904534246
Data:-19.417149093552702,-33.34515628763235,-4.403150455346866,21228909936011
Data:-20.380497664459245,-33.98690968346487,-3.846310898390376,21228913669751
Data:-21.17612680693431,-34.6607575186452,-4.173040661019957,21228918233973
Data:-23.065113990927664,-34.99953043581815,-4.896828138449712,21228922234178
Data:-24.26738849592548,-34.435371995540635,-5.405430546082301,21228926086786
Data:-26.474027671987507,-33.270890871912506,-4.990496609210853,21228931647842
Data:-28.427273975588907,-33.38050483440877,-4.322161227047791,21228936253878
Data:-29.009900908696476,-33.86436615219894,-3.7165101338116893,21228942870516
Data:-29.072546580682864,-34.043248158295256,-3.240393023107675,21228950030356
Data:-29.76600494089207,-36.319116503401865,-3.634319557414305,21228954227495
Data:-30.012316402032997,-38.48781176037296,-2.8750482769007033,21228961760211
Data:-28.555542580836537,-40.787386310318006,-2.2787644855925424,21228973777355
Data:-27.82241310171717,-41.07616900078981,-1.6133086673040706,21228981732118
Data:-26.174707912066385,-40.75813072921727,-1.1469358710855684,21228989436066
Data:-25.528102468958885,-40.136540624088596,-0.4633056255615776,21228997964036
Data:-25.09113686103216,-38.512002529109196,-0.06221312594437911,21229002548105
Data:-23.815417373442717,-35.80358390261586,-0.8181789792342925,21229007294129
Data:-21.75337502202804,-34.36517802451375,-1.1052357004641027,21229011548396
Data:-19.735135531831624,-32.653142105435876,-0.629365471461693,21229015939882
Data:-17.77695508311017,-31.34558007245272,-1.334731880894,21229025409417
Data:-16.262562086904996,-30.702540443416105,-1.0037654466322607,21229030270791
Data:-14.505029204302081,-29.120688469016283,-0.6721514985027581,21229039339629
Data:-13.920399850656338,-27.544566512459074,-0.0382421279071854,21229044269654
Data:-14.419315360105111,-25.59564279709182,0.5394688991831613,21229052575098
Data:-14.6674622786775,-24.934349680597062,0.17850195091872478,21229056219159
Data:-14.693301359514418,-23.731901250862382,-0.13553111890050906,21229059817069
Data:-15.359709637263563,-21.15587524797054,0.6418240752640709,21229069978901
Data:-15.80152983674983,-20.34908999716514,0.36022029823695495,21229074374246
Data:-15.989691639079933,-17.92852710722417,-0.20506285921104023,21229078501571
Data:-14.617814318277647,-15.908805658621361,-0.9882518705525207,21229088540324
Data:-14.053894562912001,-15.213116754034536,-0.3740803304947594,21229092960538
Data:-12.862856944233716,-13.610661963212863,-0.904264384916564,21229102957175
Data:-11.398639646876939,-11.400554232514718,-0.2659736516856943,21229107317694
Data:-11.383428595073065,-9.386242072644837,0.2508709650412959,21229119473516
Data:-11.105284723489921,-7.107116667529669,-0.49374941066932987,21229124610599
Data:-10.17152116059973,-6.114557503854337,-1.0160214689440936,21229129108772
Data:-8.385267230466662,-3.814025585351146,-0.30441240034950723,21229137667963
Data:-8.309642892346005,-1.3452591196295203,0.2431666741627232,21229142100943
Data:-9.409185967557232,0.29857651142259556,0.9359120374323409,21229154373348
Data:-10.407889721588594,0.7830053442849134,1.302435855600055,21229165776922
Data:-11.053232225630586,1.1573852416068007,0.7878008129889524,21229171449669
Data:-12.317548469871031,1.9081852630084994,1.2820380844773944,21229178229026
Data:-14.80384806025586,3.4471302583400645,0.7510517299319442,21229187009659
Data:-15.19913756340884,4.061056644541338,0.39305758696125004,21229196699126
Data:-15.212021454632406,4.595225778786232,-0.34482794257526794,21229201195684
Data:-15.202092259680262,6.154278810674919,0.33209064563023494,21229206129191
Data:-15.195347640857506,6.464936856035763,-0.37550532306194284,21229214890040
Data:-14.7323496038494,8.654838780091097,-0.04120617661511938,21229218875908
Data:-15.018152594009734,10.062654162323645,0.44178565316539353,21229222998428
Data:-16.035204366824313,11.182962630676878,1.0324649666236834,21229232078065
Data:-16.980062070859116,11.503740864298743,1.4545490047460736,21229236418473
Data:-18.970947648243033,12.106125458804252,1.0994156469606535,21229240636643
Data:-20.571612077136034,13.775119333904058,0.429590685080965,21229244810804
Data:-20.62091649884269,14.788996951595095,-0.33240812515670726,21229254157794
Data:-20.564432431247177,15.112008216335642,-0.013825447144874214,21229258344846
Data:-21.065527473647666,16.46245109928866,0.7244489792576682,21229267781166
Data:-21.622298032029228,17.498258905812328,0.26197808149683627,21229276370398
Data:-22.0437179790052,18.13150583742556,0.9123979871641403,21229280628003
Data:-23.72917390690454,20.25729951214687,0.4283457146950358,21229286727492
Data:-25.114124011297708,22.417821115969947,0.7117354478200479,21229297452720
Data:-25.68827323229568,23.8477022759477,0.051924732318842315,21229302061860
Data:-25.54415656732284,25.31636645392168,-0.24755386595722195,21229306725471
Data:-25.268687185622934,25.802077622387127,-0.7842703848141758,21229317438705
Data:-25.178976037159128,25.955575667261407,-0.2735364105239617,21229321925098
Data:-25.002961837932286,28.02211752393648,0.10359994341000678,21229327475838
Data:-25.40640500035412,29.610673337152548,0.39382052703475734,21229332644584
Data:-26.533860519296002,31.088558819388595,0.9095717645682645,21229340553688
Data:-27.451423032233784,31.42576394919356,1.5276608085840415,21229345421447
Data:-28.60416984980502,31.873511199394876,0.872968003982405,21229353898582
Data:-29.2528888794637,32.63224417427334,0.5418148920311768,21229364260237
Data:-29.490391485440664,32.813917746600325,1.2937979518454115,21229369341962
Data:-32.15814217411221,32.77837465771877,1.8744396098958513,21229374774354
Data:-32.23148890070861,32.73853217113246,2.262379503205492,21229383421623
Data:-33.46421176941955,30.881354721363756,2.84882854652509,21229387987297
Data:-34.59573735694615,29.33061161470498,2.173636192138571,21229396386472
Data:-37.215769593628494,28.476174359490233,1.5984403118744686,21229401210310
Data:-39.27314521907013,28.07784056042349,1.9256450058728107,21229405998214
Data:-41.58405584384228,27.9556335741986,1.321614440310681,21229418033746
Data:-42.732761057122104,28.655905736482215,0.7250540914274312,21229422958382
Data:-43.07645748597886,29.337761238044322,0.20872737775706018,21229432990861
Data:-43.86160728793389,31.0094630934605,0.6694553032888149,21229437854492
Data:-45.707750953383595,32.57448269575834,1.0657952973856086,21229443623969
Data:-47.905626304027734,32.95935948944532,1.7290865246559657,21229452742948
Data:-49.167269636604864,33.13442943418554,1.1367402728948823,21229457796382
Data:-50.99292258477574,34.76550597861158,0.546515701559843,21229464136112
Data:-51.40291082506633,36.943096798090345,-0.1743205879099159,21229473208090
Data:-51.48379047669264,39.907331354812115,0.22887739704768,21229479325885
Data:-51.44527064422105,40.41494995834705,-0.3803539207674744,21229484789120
Data:-50.746652044965714,41.23128349873364,-1.0353498631235527,21229490237188
Data:-50.06032923486864,41.41019477622567,-1.5962312326964971,21229500443909
Data:-49.3598573050888,41.12805617985009,-2.311168851417384,21229505825738
Data:-48.35560800894457,39.51895718645123,-2.8561032360015344,21229516793319
Data:-47.744693538893046,38.18864727496045,-2.566080664452072,21229522245383
Data:-45.926858708582785,36.07141250439058,-2.298185783685291,21229527685069
Data:-45.011145514965406,35.55789499483662,-1.8655771166453912,21229538444622
Data:-43.737336932113664,35.66235299049911,-1.1123727626575235,21229548438284
Data:-42.167683076758415,37.01728166776297,-0.605002151252061,21229554195466
Data:-41.59671987934833,37.479865844824324,-1.1747529186199441,21229564726491
Data:-40.96513959656927,37.930747125526864,-0.726859812406937,21229580600152
Data:-40.8817518026006,38.00001431677263,-1.0284117867906613,21229586926513
Data:-40.2961457547767,38.12779735945355,-1.6835029567584594,21229593698336
Data:-39.37291977780032,37.84522326484375,-2.052126805015705,21229603407063
Data:-39.29219496616494,37.752579365352815,-2.7975460268539156,21229613604601
Data:-38.56336704697075,36.872014441740205,-2.102851474868141,21229619371932
Data:-36.787154265588214,36.56983754139567,-1.375763044318096,21229629395609
Data:-34.72960982788117,37.7809604249871,-0.7018019549818277,21229638287034
Data:-34.51559231070878,38.32347512923784,-0.04969563067556115,21229644376609
Data:-33.77271409097429,40.945415023337134,-0.5024950539115842,21229654853945
Data:-32.48604291101152,42.52371051208538,-0.8654204932510159,21229665566218
Data:-32.114608148614465,42.969082567067815,-0.5248280364518076,21229671922023
Data:-31.50363239458083,45.54297997283918,0.05870740488231252,21229688353773
Data:-31.29312325595357,46.397466749816225,-0.5418022128853054,21229699675044
Data:-30.921156769059955,47.91633226076531,0.06146091396850395,21229707177380
Data:-31.29039673899232,48.936496606394506,0.6330858893307346,21229717363648
Data:-33.71227776082581,50.609186894861885,1.2996502223625144,21229730158484
Data:-35.68811567008343,50.497932042421645,1.9544390031501293,21229736997235
Data:-36.280055748217045,50.37147035983262,1.608104143354267,21229749742972
Data:-38.17510920549127,50.824333009233534,1.0643450880146403,21229761779210
Data:-38.940116059179275,51.04739753895463,1.5098098633106223,21229768183687
Data:-39.66458866403341,51.27909934324127,1.0127010346299588,21229774831107
Data:-39.83009702850496,51.43003936333116,0.6501043910889515,21229786665636
Data:-40.374078657911085,52.88341030485494,0.06619102701271051,21229793154220
Data:-40.59611598098672,53.77977335602729,0.4194517785741908,21229803110736
Data:-40.94234798718388,55.743946863249604,-0.07048940111660645,21229813713267
Data:-41.277420608004725,58.162998878438884,0.34576586324776454,21229820152492
Data:-42.9096080635165,60.22575845479848,0.993016907268877,21229830667485
Data:-44.45895163426015,62.3965094944712,0.24675412364186577,21229837271174
Data:-44.46039186592289,62.43013157290145,-0.16113468556304933,21229844930945
Data:-44.77398106158165,64.96614820708915,0.4071941144193125,21229856877968
Data:-46.924048112221065,64.52225041763795,3.141592653589793,21229863606604
Data:-47.652822877794755,62.26425456790389,2.5171963411431033,21229870591654
Data:-49.95152659331293,60.43447205203906,1.9689982682317066,21229881907488
Data:-51.989691093011686,59.22094690057113,2.2466564046368216,21229889245963
Data:-53.683800485258004,58.42710462321024,1.7713465700665032,21229900441714
Data:-55.96763570666759,57.31040909670503,2.27979337869509,21229911269370
Data:-56.643486199352104,56.9880250300841,1.751965210222167,21229918295086
Data:-58.703458579113565,57.371566100014,1.0214680292922411,21229925667935
Data:-60.898268679747424,59.28994700567252,0.6835375510320574,21229937137968
Data:-60.96159746655184,59.394165548111935,0.4085189498853012,21229944117572
Data:-62.11526931342022,60.86161795895598,0.9239869637119382,21229951666438
Data:-64.59197775771709,62.09846979811348,1.2912812748827123,21229959031481
Data:-66.50762272947662,61.890271939963554,2.0668273613339974,21229966594935
Data:-66.98305867710597,61.34886036874052,2.7751450136620908,21229974253619
Data:-67.03968122874417,61.02930037493134,3.1573024196817965,21229981726894
Data:-66.88128360734943,60.418020048648756,3.6329782594955637,21229989221462
Data:-64.93491590308705,58.218894558862665,4.099210739750287,21229996839388
Data:-62.35015273988411,57.40716662787217,4.7169864637581425,21230008330803
Data:-61.34462540338169,57.094680540359356,4.105178461614953,21230021294798
Data:-60.010294403220726,56.73720544538801,4.796081582662636,21230034800227
Data:-59.76612065130631,56.71652752347761,4.459728975753194,21230048319556
Data:-57.88323968461875,55.939048372941556,4.181860133050275,21230060518747
Data:-57.8754280859542,55.92899907504145,3.4228506525089744,21230068546694
Data:-57.289258629440454,54.89878259038485,3.8949267229734423,21230076821189
Data:-56.43968841915178,54.348421750387296,4.380181700932567,21230084668910
Data:-55.53506262954338,53.57570170115146,3.6307560385435025,21230092512196
Data:-55.428245202637925,53.279380793563334,3.344388163879985,21230100356114
Data:-55.75527556070641,50.91785838023306,2.663581845917034,21230108789570
Data:-55.903692616438434,50.77769875767954,1.9915940522602544,21230116413778
Data:-56.93441147544386,50.675584407304385,1.3474961380569097,21230124530353
Data:-57.08568255851169,50.734320788982814,1.0533622424408833,21230132199478
Data:-58.65592944364054,52.15613538702551,0.6165702166143763,21230139998114
Data:-60.25704657103929,53.47132549552125,1.1496898047346544,21230147706004
Data:-60.58957092741271,53.53849789681251,1.593252719831205,21230155596037
Data:-62.082144808032446,52.89127848707305,2.3666489768910983,21230163160360
Data:-62.368077433636834,52.32989410199186,2.9743612054787487,21230170942242
Data:-62.413217523068035,49.441371675661095,3.2775718497393616,21230179576219
Data:-62.7856314497641,48.020159252040045,2.4930583461748457,21230187058691
Data:-64.41564943257104,46.97913849953568,1.7852525911600117,21230195659344
Data:-67.13642098725639,47.190613568696065,1.2011997010978297,21230203389147
Data:-68.77972209893476,48.61189470238014,0.5142380477742368,21230211470837
Data:-69.00123757648578,48.82783931838958,1.0820260211645563,21230219218118
Data:-70.00279347144352,49.10254556908412,1.5241741423459498,21230227202545
Data:-70.85523829763403,48.927161651925964,2.023240128083933,21230235125627
Data:-70.93492160846611,48.85362230592746,2.608995234934424,21230243400792
Data:-71.3603287971009,47.35147669543826,3.122243444684081,21230251032062
Data:-71.79788900861374,44.515274094428904,2.854801916556932,21230258987353
Data:-71.89709234219575,43.055520346392726,3.292674152449021,21230266699196
Data:-72.0318468815045,40.73121855527131,2.874688104538341,21230274860236
Data:-72.96808450392817,41.95781740470634,-1.5707963267948966,21230282973975
Data:-72.28647390709946,41.95781740470634,-1.5707963267948966,21230297594127
Data:-69.86147645305783,41.95781740470634,-1.5707963267948966,21230322659514
Data:-68.32488931011679,42.48751716447134,-0.906861049053588,21230332056986
Data:-68.12679581982547,42.572007989679925,-1.4284168995860602,21230341068459
Data:-66.69723914955155,42.24581963769572,-2.161843549176954,21230349000871
Data:-65.16074180190424,41.77091576552611,-1.579285216639029,21230356797519
Data:-64.63651946846574,41.55958496443211,-2.328714363448388,21230364638064
Data:-63.74414965653498,40.342089571142125,-2.689464905927781,21230373643824
Data:-63.05309728538532,38.05578233208528,-3.006668101537053,21230381895386
Data:-62.852243146179205,37.53778794544705,-2.536707846610709,21230390016415
Data:-62.47291012467265,36.284690249424855,-3.1585836804726575,21230398334112
Data:-62.09668860368246,34.21578058409652,-2.7648421057749006,21230406170821
Data:-61.4899020819375,31.626700840849388,-3.0579252937409067,21230414066890
Data:-61.137606332390895,30.592125087662225,-2.5688474249258446,21230422118744
Data:-60.415820040808384,28.417176565022327,-3.07348342158073,21230430213537
Data:-60.27686640519681,27.868337041473477,-2.7137684953516574,21230437946680
Data:-58.95639621725902,26.10567266504263,-2.283524717585144,21230446039705
Data:-56.76587922121261,24.831232314688283,-1.9119255599678597,21230453825062
Data:-56.08543939178185,24.80998786534833,-1.2920901014767017,21230462002751
Data:-55.82825624047895,24.989790640590627,-0.6292276682688724,21230469896537
Data:-54.32180468228729,26.091702440552332,-1.2493035362695817,21230478022977
Data:-53.65054981613282,26.45402841264606,-0.9023724663157325,21230486237984
Data:-50.983273055077426,27.365757718027293,-1.5804816549921743,21230494276310
Data:-49.06076631132753,26.788058819670617,-2.1449281735366457,21230502304408
Data:-46.326100365382345,26.15989769384521,-1.4482371703257693,21230510165772
Data:-46.182869087676565,26.223149419905166,-0.8616530752349388,21230517952031
Data:-45.164710557413066,28.013514424500478,-0.17250186132828682,21230526030593
Data:-45.16268779049726,28.018395915986662,-0.6131714864036686,21230533941436
Data:-44.7191654722269,28.909153861592493,-0.3107859861138944,21230541893322
Data:-44.60628983222558,29.136150232951582,-0.612116362600441,21230549623153
Data:-43.259729991041496,30.050286105050212,-1.3366724526138813,21230557336007
Data:-42.16265192885486,29.89529378095501,-2.0856173100426907,21230565379295
Data:-40.8980193718756,28.844686778218488,-2.442411476762173,21230573513251
Data:-40.79703331119628,28.680551408111207,-2.7376434735253974,21230581934652
Data:-40.76262831196518,27.398388963447566,-3.491887563441847,21230589890697
Data:-40.772663539306556,27.169077668370527,-2.8787668617032667,21230598077569
Data:-40.6372293236964,24.608803224938356,-3.2987203222414694,21230606435825
Data:-40.33431100983468,22.296261300848244,-2.7239694500050255,21230614631012
Data:-40.22785355544279,21.587691958417928,-3.2609610302515923,21230622993561
Data:-40.12783441567657,20.8752749021972,-2.743259419697007,21230631005750
Data:-40.125861812710156,20.603633796825115,-3.52540254580659,21230639518720
Data:-41.42865991824017,19.05396349178709,-4.155915603566854,21230647869694
Data:-42.55836104041644,17.775777829458455,-3.574890176739929,21230656416124
Data:-42.68402919707371,15.90369909227951,-2.842349221735369,21230664270371
Data:-42.230775499525365,15.192653234993827,-2.3058369091907918,21230672629728
Data:-40.7768877775599,13.373047769439655,-2.629071221248049,21230680528428
Data:-40.74752390796498,13.252203726649885,-3.177374042549271,21230688819558
Data:-41.32831658020473,11.62363084112493,-3.7909435663492865,21230696744112
Data:-41.497886293621704,11.519137785285977,-4.529306136796525,21230705218638
Data:-42.95426122410889,11.664945533906074,-5.095040618686651,21230713305001
Data:-45.31258366951017,13.44743778543766,-5.624181855157731,21230721521433
Data:-47.126085689647695,15.038684681874008,-5.2410214467109375,21230729777061
Data:-48.76147901028428,15.35382653986394,-4.564491513705968,21230739713028
Data:-48.78738887033988,15.34233497703417,-4.0253808354447695,21230747787981
Data:-50.07293889954031,14.64132724634727,-4.400945152064111,21230756452906
Data:-51.282364392269166,13.861185751654023,-3.8780558489477004,21230764515362
Data:-52.21607843693663,11.794653974871654,-3.253873251717151,21230772858962
Data:-52.13049825824176,10.300103027167381,-2.914914046044403,21230782842415
Data:-50.97390589701016,7.919637953434619,-2.4637144280885708,21230792540786
Data:-50.41499041648461,6.151926571372348,-3.2070024793343284,21230801651375
Data:-50.25254641293266,4.854602222611129,-2.8270501708031794,21230809946113
Data:-50.1628662913207,4.74413528510978,-2.0923121971275527,21230818305571
Data:-49.11306554125279,4.587110208478487,-1.346231108689099,21230826594537
Data:-48.55190560919907,4.963686697228274,-0.6132745191722327,21230834849848
Data:-48.44502439439526,5.273343117779371,-0.05143971272938974,21230843149182
Data:-47.549714773760385,7.56028430218679,-0.694853931435609,21230851308500
Data:-46.676720652880704,9.38262646618673,-0.1986422217496689,21230859735624
Data:-46.60336233469509,9.513042230201563,-0.8261303023980666,21230868046152
Data:-45.43471562393772,11.833285158976855,-0.10703513583912683,21230876435690
Data:-44.86639781800216,12.932450798669072,-0.8473453252118776,21230884650140
Data:-44.847426569695855,12.959896707569339,-0.36227699103771527,21230892965796
Data:-44.81084993636064,13.1407520646198,-0.03682469701553237,21230901377489
Data:-45.23448768215639,15.858032505985284,0.34614468925807496,21230909958131
Data:-45.315603032337066,17.71129841723191,-0.2586627891007196,21230918136781
Data:-44.780217197596365,18.830586720792134,-0.6336559727188363,21230926457501
Data:-42.74966909134858,20.92488022724109,-0.9062347668032493,21230934767437
Data:-42.60658103417403,20.976864654871896,-1.538403480361488,21230942995551
Data:-41.93274433635152,21.269139215366316,-0.7846772956636062,21230951431794
Data:-39.95029596142153,22.624981633333483,-1.157206410558004,21230960054327
Data:-39.33017868485756,22.690355325264953,-1.7743191619500958,21230968786456
Data:-37.63461430226579,21.54145690161307,-2.558327932218157,21230977004634
Data:-36.85168144690773,19.81421012031069,-2.8736947420690577,21230985257266
Data:-36.87017946499464,19.02989706619393,-3.4566518083959314,21230993927310
Data:-38.149244960560615,17.230571717569138,-4.062486201686693,21231002216455
Data:-39.60798588101541,15.342087991137532,-3.536116889932271,21231012329108
Data:-41.25881585985544,13.664036278230435,-4.301510226318429,21231020430209
Data:-41.33626490786605,13.658344877276715,-4.9765599478170035,21231028893608
Data:-41.51715821801362,13.76744473968929,-5.53363479268334,21231036835796
Data:-42.95599769030235,15.973827510143167,-5.876999242497537,21231045433502
Data:-44.623582057858684,17.68035097745038,-5.141655143924863,21231053462075
Data:-46.432355862481046,18.87055625266537,-5.447104755190212,21231061866679
Data:-47.37524789548613,20.330766740725743,-5.972540013555076,21231070164005
Data:-47.43391125472325,23.042533353084536,-6.550571560439377,21231078362344
Data:-46.82265416435435,23.989379170780513,-7.162311147869447,21231086516844
Data:-45.578284076945046,24.392557972021315,-7.918993577027361,21231094832496
Data:-42.82354333007709,25.071851115175992,-7.305435210035565,21231103091557
Data:-41.39716210412653,25.50878064082724,-7.808037854856632,21231111433606
Data:-39.04243869233969,26.507534398304823,-7.097626041559422,21231119911950
Data:-37.357658569828665,27.469339639054077,-7.572874092753393,21231128322116
Data:-36.586314992924486,27.449479471984706,-8.186572796116447,21231136481945
Data:-34.95560835698992,26.17527347293394,-8.847961289602278,21231144709412
Data:-34.00397615151876,23.49495104926325,-9.319272208424342,21231152985040
Data:-33.724645462971324,22.61356503479924,-8.916466838712541,21231161273887
Data:-33.267846732091165,20.465668104532416,-9.513988106541255,21231169449273
Data:-33.23923652750577,20.176732360016523,-9.13817275071915,21231177749095
Data:-33.23499660155263,20.12519038231786,-9.547229563761956,21231185954161
Data:-33.077201144671314,19.42133706608371,-8.861243516278835,21231194331941
Data:-32.00361866034306,18.262018555946533,-8.494271769405144,21231202562738
Data:-29.472512337895786,17.352732879369434,-7.903464452093671,21231210852586
Data:-28.954533987926748,17.13373544088646,-8.604497848439228,21231219915018
Data:-27.642880498822212,16.43943148211365,-8.07714379260708,21231229683286
Data:-26.54858713783936,15.834426381018648,-8.640911847814202,21231238405378
Data:-25.47636744794561,13.894548097761652,-9.198777838254074,21231246435100
Data:-25.48195984417628,13.852783517007458,-9.91700019423271,21231254684953
Data:-26.066118890709618,12.302531286204328,-9.653278482781271,21231263112357
Data:-26.740521766708333,11.340797885104394,-10.419388569890705,21231271883523
Data:-28.41161486886865,10.812028346270813,-10.958853311832744,21231279925783
Data:-30.875752918768562,11.429788611566618,-11.523570673253271,21231288681621
Data:-30.97388933256899,11.530542222880808,-12.064690746690715,21231296885916
Data:-31.27195067381278,12.574868660173298,-12.512013615611597,21231305109680
Data:-31.86564391713919,14.010454165283102,-11.836454328693911,21231313187341
Data:-32.068356445793256,14.17650964509719,-11.527333354654337,21231321943983
Data:-32.61815209627563,14.392074533800644,-11.2111388060741,21231330143835
Data:-33.260867105733745,14.748026417200844,-11.7915606029302,21231338165730
Data:-34.34780963567438,16.814381351457314,-12.372689209534416,21231346171127
Data:-33.82569729942201,19.490174886123203,-13.145458058795231,21231354629199
Data:-33.132527687431505,19.96344763660693,-13.93074433720097,21231363034265
Data:-31.37458221920403,20.834210958343146,-13.423780099686242,21231371023379
Data:-30.4996010137567,22.388616532458446,-12.734353824067352,21231380601555
Data:-29.414959227448684,24.551699495057257,-13.327974556734732,21231388470489
Data:-28.65812250266726,24.989953071419905,-13.896599665550955,21231396671379
Data:-27.86496986097175,25.458052416243937,-13.31140548550397,21231404983023
Data:-26.56989914331094,27.93637834538481,-12.78439825066719,21231412886139
Data:-26.826743408297013,29.58149051011178,-12.038592201777572,21231421886069
Data:-27.750680412785364,30.30087982074849,-11.275683034831577,21231430220357
Data:-27.849849009366956,30.365155785233696,-11.865610435838859,21231438390865
Data:-29.19412837239122,32.75501325710545,-12.242361703683159,21231446350311
Data:-29.193952934702047,35.009121944646814,-12.890535185398669,21231454223056
Data:-27.67508532992313,37.04464807785739,-13.524308877458882,21231462522851
Data:-27.671904828606518,37.04913347832432,-12.842018367777586,21231470697729
Data:-27.035383405562662,38.42860828142477,-13.155348058056449,21231479141800
Data:-26.88480757838759,38.85251257877171,-12.66001381330566,21231488181373
Data:-26.21914684333648,41.75552071656223,-12.923534961581746,21231496638032
Data:-26.1662540860243,42.4036405759982,-12.372064416291677,21231504930026
Data:-26.206192115817913,42.49221991815152,-11.91351753351184,21231513159442
Data:-26.718636357065606,43.6033598014548,-12.354986261945932,21231521352813
Data:-26.735257059312147,43.89916245196914,-12.665496040418265,21231529940736
Data:-26.86008453685671,44.38569969750779,-11.964953098281692,21231537693130
Data:-27.29282956216706,44.85875141052743,-11.68593033359622,21231545814099
Data:-29.128664916485047,45.8501903211162,-11.295558839655904,21231553626316
Data:-29.57590521972437,46.175772113754626,-11.954106592006761,21231561698019
Data:-30.778871005770554,47.07926884243034,-11.32539738250248,21231569792268
Data:-32.55717688080234,48.35708899533372,-11.911899776561603,21231577839718
Data:-33.61352017002456,50.707450166624355,-12.37606733698648,21231585787264
Data:-33.564517494382784,52.28205142580678,-12.818895187301216,21231598987087
Data:-33.59898407345468,53.01364171832279,-12.219691940436743,21231608087909
Data:-34.62329561473277,54.949130885076855,-11.93954075778963,21231616317368
Data:-35.078710393877785,56.265255545191984,-12.526938273328296,21231624655525
Data:-35.083662273839565,56.27854404104305,-11.892395653263549,21231632859133
Data:-35.21358969145941,56.664829923564845,-12.591418640657539,21231641016128
Data:-34.92577159051495,57.62494386605265,-13.123823200068886,21231649419149
Data:-34.8570231718453,57.915827768962025,-12.473086904857166,21231657310667
Data:-35.580725715742275,59.31836383436016,-11.706930106455408,21231664947755
Data:-36.867207027854356,61.46970856415237,-12.347931531280434,21231677890122
Data:-37.97285151239144,64.0109460051699,-11.964052929960795,21231691894323
Data:-39.67752419770198,65.56099980151478,-11.502951440623221,21231706331344
Data:-40.863986564289334,65.7743626014759,-10.844055749455942,21231720553564
Data:-42.35388610217216,64.0397044927601,3.141592653589793,21231729494913
Data:-41.554167933842706,61.36689351804448,3.7230470435697853,21231737515334
Data:-41.501043066102,61.19387116677613,3.15594502254611,21231745432293
Data:-41.483825206665244,61.150269888842786,3.8794331833068667,21231753215445
Data:-40.73004706035659,60.7363008824427,4.54089930951037,21231761341502
Data:-38.43345281494071,59.29229221169205,3.7612802223260235,21231769192998
Data:-38.36860664804392,59.096833736463715,3.1625808145854695,21231777011564
Data:-38.44084101324524,58.903892539763504,2.404141041828388,21231784938978
Data:-40.417270525485,57.39132043533293,2.0439012043956657,21231792921014
Data:-42.96898204583089,56.6812465399081,1.6405056014754962,21231800916069
Data:-44.9663948084672,56.893101310611314,1.2897480037470879,21231808954117
Data:-46.18639278226865,56.953251948973545,1.7533166668503908,21231816834803
Data:-46.706869676349356,56.938938604940404,1.443263009453171,21231824720571
Data:-47.85126970201844,57.5831390786329,0.6729196231981722,21231832699326
Data:-50.07337546303124,59.05339092553172,1.2996328424552024,21231840610823
Data:-52.108763665295804,60.10032851577364,0.8918089070944086,21231848621855
Data:-54.81029008574666,61.03414082984314,1.584175506842659,21231856527997
Data:-55.8280717876725,61.28963735393775,1.065516321923361,21231864503618
Data:-57.37984234165276,61.736286413717174,1.5155636275034303,21231872333498
Data:-59.504905924709234,62.303835732000174,1.1040636624966647,21231880209390
Data:-61.250760373142704,64.16032675155,0.40532722398120724,21231888215402
Data:-62.821813983876396,63.837499423115744,3.141592653589793,21231896012108
Data:-62.68510675688667,63.17530410996589,3.548763417439621,21231903827178
Data:-60.83860913711376,60.91184349592611,4.1030063145798,21231911788120
Data:-59.46780377735716,60.35019138593966,4.5440494738624935,21231919708536
Data:-57.611445229188426,59.34095707416084,3.8847979030606687,21231927761125
Data:-57.37034773448354,59.17235563340362,4.319457100969924,21231935641738
Data:-55.281765178404,57.52302225762819,3.7684751674666495,21231943622991
Data:-54.91601320984089,56.249995973026536,3.0742570176884874,21231951560714
Data:-54.84177469914944,55.482370887257886,3.401752485834794,21231959643722
Data:-54.06465643292468,54.43011204332076,4.153664486280263,21231967661175
Data:-53.97113099938241,54.32113840497375,3.548036544564802,21231975526076
Data:-53.77137955318833,51.6734848995615,2.885752870110528,21231983415526
Data:-53.77615301191855,51.51726247248989,3.3363403891876224,21231991323502
Data:-53.78949091845177,50.69264961430561,2.914498239383219,21231999119038
Data:-54.15517076149668,50.12372018064705,2.2261626217154094,21232007188429
Data:-55.79457891976715,47.8197035026124,2.820159968143971,21232015109415
Data:-55.88193342421533,47.70464527766126,2.1642736677735566,21232023050914
Data:-58.0772506030714,46.86731425895605,1.7060880289683173,21232030968349
Data:-58.457089090161745,46.68625007622436,2.3251528666357664,21232038924732
Data:-59.6430994256644,45.958396603990195,1.917302825940645,21232046900008
Data:-60.427394751363224,45.93798984575271,1.2763165433831989,21232054886743
Data:-60.518818594891094,45.945907385759526,1.6925020408706615,21232062814782
Data:-60.57477297926825,45.95259576184458,1.2111542344460766,21232070727253
Data:-61.320240352098416,46.42014544552005,0.8100932211377017,21232078598869
Data:-61.68011878184171,46.594900517877065,1.4273851701584497,21232086525197
Data:-62.01742431174707,46.51770590403824,2.164171907864149,21232094522733
Data:-63.7709778720705,46.11118555516953,1.4330257777585094,21232102448442
Data:-66.0274909345588,47.21686133402609,0.7973467346127908,21232110317933
Data:-66.28933299715399,47.70999591283589,0.1788919545834624,21232118286376
Data:-66.64351156040868,48.71145955417173,0.5009730399158749,21232126215873
Data:-67.7788777865558,49.6435414566555,1.2658455953283134,21232134186247
Data:-69.56855016705168,49.775013861551066,1.7290870697563636,21232142204302
Data:-71.90196888150861,50.2704837886818,0.9940477095087898,21232150093854
Data:-72.67847715257541,51.10071876257632,0.5098970003086712,21232157998988
Data:-71.68134437238561,52.800798441829556,-1.5707963267948966,21232165869847
Data:-71.53793380207877,52.84062047049135,-1.0290870070446663,21232174922076
Data:-71.5299791159523,52.85000234599804,-0.3774347147302015,21232183515066
Data:-70.66981094963795,54.203627860131995,-0.7547297860061825,21232192154996
Data:-70.05547570599406,55.32307720187573,-0.24908761450646,21232200368223
Data:-69.83797901429057,57.925256562037816,0.08231023742498672,21232208807764
Data:-69.6980523274446,59.634036004961466,-0.24571948462498672,21232217080657
Data:-68.33540498576068,62.042697118994624,-0.7839571251769427,21232225068143
Data:-67.71967688354252,63.47985960224753,-0.025592854271029863,21232232939678
Data:-67.66163935678,63.66425352243466,-0.5842693606410858,21232240779668
Data:-65.63339315173452,65.21476859930787,-1.2519391391168029,21232249177668
Data:-67.57472958578924,66.6182766879158,3.141592653589793,21232257282642
Data:-67.57472958578924,64.79984211906137,3.141592653589793,21232265058423
Data:-68.5829496789956,62.13205257672655,2.418930285251784,21232272925011
Data:-70.18411351597486,60.87265926605737,2.05563223746259,21232280913211
Data:-71.85375345938405,59.151651581634226,2.687054088599249,21232288813720
Data:-72.04289834443206,58.39869624918454,3.1039094471869637,21232296668197
Data:-72.75661170360742,59.139824399008695,-1.5707963267948966,21232304566497
Data:-72.24341536756533,59.139824399008695,-1.5707963267948966,21232313089294
Data:-70.31705365474212,59.139824399008695,-1.5707963267948966,21232321158129
Data:-68.83966984419433,59.73405038258468,-0.8059674631820715,21232329698527
Data:-67.54645902103339,60.45211080410748,-1.3218891805131925,21232337901854
Data:-66.91285546489824,60.411047584663876,-1.9491404755895205,21232346192130
Data:-65.33832942353266,60.31531485192827,-1.313904633182061,21232354681407
Data:-65.17991982474038,60.38570544919296,-0.9913834759071265,21232363239828
Data:-64.21804379598349,61.63770281976288,-0.3188040310785457,21232371886028
Data:-64.23721553738906,63.02730127061977,0.3463954912002619,21232380493049
Data:-64.45233531506742,64.33671920576703,-0.02073146115779767,21232389259667
Data:-64.33492729131515,64.88885676160007,-0.39831239681594666,21232398047173
Data:-63.99337361544233,65.24428722508227,-1.1326696682697854,21232406790034
Data:-61.99399470085751,67.12656723166916,-0.4984428312439573,21232415708282
Data:-62.001744597149084,67.12853967899518,3.141592653589793,21232424779225
Data:-62.001744597149084,64.88888308745193,3.141592653589793,21232434086688
Data:-62.247357124685685,63.415271585262644,2.811281287302867,21232443446427
Data:-62.85255725008612,62.56604766080356,2.233571853978077,21232452810657
Data:-63.185492013255136,62.15153819912839,2.6962329773695886,21232462767739
Data:-64.70749051020138,60.095744290228616,2.3123647899997635,21232472308222
Data:-65.51508430196432,59.016506613960516,2.6859957923379847,21232481965402
Data:-65.67352876613636,57.25338086781837,3.417939684835244,21232491857181
Data:-64.77853466238267,55.8484444730545,3.9996599258323817,21232501592289
Data:-63.05075789027292,54.77055852548335,4.30956385242828,21232511356928
Data:-62.22197044098833,54.15237162118483,3.8334789938767573,21232521212083
Data:-62.060638778158044,53.80442087213419,3.3180208631190644,21232531666773
Data:-62.25613062548932,52.80745080260624,2.5779059312362045,21232541712292
Data:-62.37881942211534,52.38032240293135,3.1458581821787623,21232551817339
Data:-62.87647750129211,50.31362173464231,2.6647277272693444,21232561878706
Data:-63.1485385642417,49.08491909354009,3.1826462135205493,21232572287432
Data:-62.963303884949276,48.20027328149301,3.513352037025306,21232582442040
Data:-62.860789376521176,47.161134065014245,2.966503479966424,21232592565203
Data:-64.32356009131652,44.59799744391448,2.2794950883869034,21232602596752
Data:-65.06311927489828,44.22713093315879,1.7917428963919706,21232612895689
Data:-66.15526113476031,44.40303646932803,1.030463267580905,21232623852586
Data:-68.64463901049025,45.15390936020235,1.5252249581105284,21232634414952
Data:-69.72957222169651,45.519840092251755,0.9657636380651794,21232644852119
Data:-71.06701862252034,47.43642075169519,0.25277181017387707,21232655272863
Data:-71.55056563497348,48.20184093779674,0.8740918202166468,21232665634301
Data:-72.4414482739228,48.728057832029094,1.200440168014902,21232676307415
Data:-72.17713769301055,50.139037476662246,-1.5707963267948966,21232686758023
Data:-70.6365853830267,50.139037476662246,-1.5707963267948966,21232708706139
Data:-70.06207137123512,50.335906183555174,-0.9105365820427894,21232720729998
Data:-69.31120136334057,50.714840537344706,-1.2963181324763284,21232732911961
Data:-67.99505442150799,51.30667751447463,-1.0001090433797404,21232744837082
Data:-67.38139694993244,52.05907628102496,-0.3682546491218447,21232757149270
Data:-67.01888045988986,52.549331476195974,-0.9051678864884555,21232769077989
Data:-65.58409839637906,53.16475323484931,-1.4260346009445615,21232781231855
Data:-64.72808809177461,53.52666032032628,-0.9155744377754531,21232793402267
Data:-63.55791280879324,53.9869676497993,-1.4764692568160376,21232805686185
Data:-61.486484088451576,54.8509876988323,-0.8747804970586538,21232818423594
Data:-59.79617142644334,57.086751573824245,-0.41992241718657985,21232830938355
Data:-58.47101683383024,58.98360518753691,-0.7996580497879044,21232843197944
Data:-57.490348000210496,59.70296604690363,-1.0761667909870443,21232855651458
Data:-56.5595940068305,60.01489422942245,-1.4186836187571328,21232868286120
Data:-55.32091837416319,60.6820064089728,-0.7348598365501633,21232880717357
Data:-55.125675143520326,60.99712216453899,-0.37454222032971574,21232893114476
Data:-53.738285798347725,62.69829436507266,-0.9937586016700838,21232906194524
Data:-53.002857346467394,63.601875477558245,-0.3725649797910119,21232920615710
Data:-52.72330617623138,63.992303361233965,-0.8702186959385741,21232934847373
Data:-52.2321430404719,64.66596747850053,-0.38975165680234036,21232947963413
Data:-52.18132785794776,65.02924926555181,0.11179880273307186,21232961282589
Data:-52.11264440908195,66.27235424576008,-0.22218961765219591,21232973917871
Data:-54.18113511816769,66.50310291201745,3.141592653589793,21232986496031
Data:-54.18113511816769,64.32975263449762,3.141592653589793,21232999418134
Data:-54.64647408408549,62.03259157967479,2.741859126024543,21233012556854
Data:-55.98810289859087,59.92604918033703,2.4071233413155064,21233025706561
Data:-56.98114472541747,57.75145150891333,3.0193124102782507,21233038713012
Data:-57.00197805581613,57.6949552420763,2.557302568563379,21233051827822
Data:-57.470770542477126,56.118097670229304,3.14793542360985,21233064796031
Data:-57.747176782098094,54.69220894983821,2.7523026468915504,21233077745996
Data:-57.84928567600921,54.51475859590653,2.4865794507940144,21233090564321
Data:-58.17458627829402,53.56615379823156,3.135889140443119,21233103270456
Data:-57.68864881435129,51.46256409088928,3.6013394816811166,21233116212958
Data:-57.46229726028438,48.76040005248219,2.848989153650165,21233129073574
Data:-57.708757810437035,46.19547759163008,3.2426065838857436,21233141801456
Data:-57.58558715438661,45.88136082684734,3.7879639950488784,21233155829887
Data:-56.57917695695564,43.22526257414133,3.2196018187379956,21233169199440
Data:-56.11171925290813,41.78797908377703,3.692475889833857,21233181939783
Data:-55.058601005465654,40.91147961040942,4.344057976948634,21233194850831
Data:-53.920106464460176,40.70927642811152,4.729174248321581,21233207797216
Data:-52.521327764865624,40.39183055906567,4.24927376518645,21233220618146
Data:-52.321669878887334,40.19812060065319,3.6349466105703407,21233233442455
Data:-52.06406712592578,39.875352903824776,3.9954083778027565,21233246203324
Data:-50.96692884336285,38.33609850787011,3.5262705479696996,21233259112628
Data:-50.938420380444015,38.298117275209485,4.044676324598985,21233272064375
Data:-49.63396744184996,36.120746230241096,3.318017132033499,21233284834547
Data:-49.7507280024099,34.301493951917294,2.8369829428556064,21233297695512
Data:-50.380471372998905,33.393022843,2.2339202293959417,21233310636281
Data:-51.466242296604584,31.856678874896808,2.818816327926796,21233324652772
Data:-53.30403275102068,29.64865048661727,2.0760868057952275,21233338342847
Data:-55.33544324491228,27.536323145957272,2.675352214525018,21233351238306
Data:-55.98251597621281,24.974048145266966,3.113100534636373,21233364280662
Data:-55.80844156119995,23.577907287070637,3.4181696227733376,21233376972215
Data:-55.50048148411027,21.43891037813347,3.150998615208197,21233389784691
Data:-54.954762064352316,19.464834440714707,3.6716011625078004,21233402828882
Data:-54.02656254364085,18.273459310128978,3.935316238011483,21233415845180
Data:-53.23144383179558,16.778584216024193,3.3255449795611303,21233428707030
Data:-53.59292885313984,14.689072375708042,2.6150319381979266,21233441581983
Data:-55.1906253075977,13.28525855176515,1.968346226891275,21233454534026
Data:-58.1007379242237,12.848170034127497,1.4714105204371317,21233467429183
Data:-59.4801766546086,13.437311191999935,0.8629070886735876,21233480342348
Data:-59.60138094522807,13.512766292718732,1.1650219071239771,21233493390860
Data:-59.687391325274724,13.571380573872442,0.7801959063593221,21233506224142
Data:-60.02175964861932,14.258164220355411,0.12596698322849043,21233519270103
Data:-59.544513020246676,16.32531906983663,-0.5797584008924329,21233532069467
Data:-58.324257832387914,17.40242189331815,-1.1155004772715773,21233545056026
Data:-57.23790167552496,18.395121277629265,-0.5453304783918332,21233558081691
Data:-55.51125689510152,20.37587031028344,-0.8886001794640408,21233570820988
Data:-52.93721704726763,21.47840405314769,-1.4436199836170602,21233583372860
Data:-51.495377675379395,21.382649578706946,-1.8306005808744794,21233595985479
Data:-51.20201922015035,21.409286046642773,-1.1298919382127246,21233608625908
Data:-48.39478724394984,22.0271743267131,-1.5783981153475177,21233621105828
Data:-46.57966900094026,21.717286045440925,-1.9013863315719373,21233633627569
Data:-44.806895577935414,21.43243945428161,-1.5588398524627258,21233646195370
Data:-43.323311457850195,20.893119008294796,-2.2800987155095376,21233658605514
Data:-43.01162826691687,20.364396484309726,-2.9377567727855443,21233671235914
Data:-43.017849539473616,20.02978707449522,-3.3826095320193206,21233683945202
Data:-42.85839864323296,18.433317277450705,-2.7014816873107623,21233696424170
Data:-41.88957751170041,17.266416420485882,-2.195870215015188,21233709022968
Data:-41.755860658329894,17.060508288023605,-2.935407701318906,21233722440732
Data:-41.49595354815413,16.482991441172565,-2.501999112920474,21233735859794
Data:-40.21029875561264,15.425923269420093,-2.0158595533958166,21233748480865
Data:-37.54445769645767,14.737164170436017,-1.6314044032477861,21233760860149
Data:-35.66099682782541,14.257857977457661,-2.008572650809577,21233773363156
Data:-33.27170283601214,13.689222898936134,-1.6003127217443909,21233785700638
Data:-33.23283085362832,13.673045807326798,-2.3300041721004217,21233798118798
Data:-31.082845938338238,12.661576808606345,-1.6910538362031,21233810603028
Data:-28.428474058299315,12.855640782915453,-1.3045763707772084,21233823000952
Data:-26.771836973507995,12.95020347763375,-1.7229777974858587,21233836054831
Data:-26.065498246684278,12.615214602874811,-2.3043051846673857,21233849007426
Data:-24.934513697032855,11.106743027659196,-2.692191165156407,21233861838174
Data:-23.53168565102941,9.71771890850415,-2.0103091724588418,21233874816672
Data:-21.78411863000607,8.103455417989972,-2.622817196615261,21233887393503
Data:-21.287717311671248,7.642181218023779,-2.016245532498666,21233899993136
Data:-20.577792549194747,7.0751516792023725,-2.473264359015329,21233912527305
Data:-19.86512814804538,5.7129860224850635,-2.8458750085603,21233924948464
Data:-19.811800646275664,3.35344638279181,-3.392116377041894,21233937584950
Data:-19.505240316636936,0.5283533594216238,-2.674888087289357,21233950136159
Data:-18.84061985869756,-0.07392919287726726,-1.939170288853497,21233962464104
Data:-16.72540009888512,-0.406907897971098,-1.5147004204551306,21233975328799
Data:-14.861351789985303,-0.6728483928006085,-1.91031608645027,21233987682710
Data:-12.907501212448846,-0.9111640408837047,-1.4740221105961444,21233999963150
Data:-12.413309579048427,-0.9783755567036906,-1.9379177165044725,21234013085813
Data:-10.520356988846322,-2.179438993449969,-2.3344669056680654,21234026476607
Data:-9.83690704311706,-2.4904474995971326,-1.6612280486601918,21234040612188
Data:-7.262999700130604,-2.1840347965235765,-1.243388393160889,21234053754266
Data:-4.547831852716899,-2.224670492256746,-1.9281343895950447,21234067834192
Data:-3.2626320117691536,-2.95956579577944,-2.2523315525668304,21234083766898
Data:-2.951714683265436,-3.077068954611525,-1.6119247361198774,21234102419693
Data:-2.7190875854633303,-2.9994164767978075,-0.8853149163895232,21234122099836
Data:-1.9512594868937072,-1.9086001803252657,-0.3413654001419152,21234141472181
Data:-1.9252660686178955,-1.8639382832858247,-0.7127992008080644,21234157039131
Data:0.3133144772733658,-0.4589110400982236,-1.3077995565437028,21234169287193
Data:1.4175655354110404,0.13702329150839887,-0.8440331980145441,21234181672321
Data:2.283572495821011,1.3409275130007359,-0.4031328968303451,21234194039232
Data:2.662988483584013,3.1430438920074835,-0.01188406820517468,21234206452733
Data:3.0070927289481233,3.995735062109213,-0.7552433328958148,21234218804406
Data:3.551156787810953,4.794873983366119,-0.44022125001196755,21234230961057
Data:4.181600087574225,7.198962215238021,-0.07270516638760405,21234243179165
Data:4.119266325228045,8.243196878870663,0.19195016900007167,21234255612506
Data:3.773615996234014,9.254976306270681,0.46644072347398835,21234267768163
Data:3.4298261272546027,9.553522889472186,1.2449943226202145,21234280158572
Data:2.2578049541212635,10.437415707839113,0.6042804900471339,21234293304420
Data:1.1823968034851646,12.670349979293542,0.2933782509683409,21234306471426
Data:1.0801998553700742,15.447376476693648,-0.2198097413011636,21234318945047
Data:1.184474819891875,15.68660116184434,-0.6023020543557673,21234331522664
Data:2.1755526558770955,16.75125821502835,-0.8969404729317436,21234344415229
Data:2.6773322519888665,17.616374560875794,-0.15424807258665263,21234357704851
Data:3.3490861695864282,19.43570873111412,-0.5531579897495119,21234370445661
Data:3.609933091981122,19.74962523392444,-0.8334946273868228,21234383406013
Data:4.054526771228234,20.525317456736946,-0.20740208815385575,21234396456367
Data:3.8218931807691208,22.961555699482254,0.3978024925382656,21234409270458
Data:3.719935029964245,25.337775002373018,-0.31203966001662586,21234422248292
Data:3.7390330562817895,27.215522441820305,0.2916989396024958,21234436026937
Data:3.913344941193259,29.986025116304994,-0.4173674137444725,21234449859605
Data:4.142164894067923,31.046675524985584,-0.007590712846805292,21234462743622
Data:5.097202399353125,33.57670071652019,-0.7142980594989001,21234475780351
Data:6.641885748954849,34.601322811096836,-1.2559279341340908,21234488651410
Data:7.221843679814117,34.89831499386962,-0.9391150242810853,21234501646850
Data:9.962431813575074,36.117335529261894,-1.3654310099591573,21234514508744
Data:11.07073042631364,36.866336451360915,-0.5875477767618118,21234527389471
Data:11.24244536255319,37.2523433979675,-0.2495770015772497,21234540342129
Data:11.242717558445998,37.267654069233096,0.21402438387199113,21234553135285
Data:11.54748630681588,39.17856886336269,-0.530337174216468,21234565949294
Data:13.311403881064313,41.026273227764136,-0.9940690458732184,21234578719460
Data:15.259757854397105,43.297802655694795,-0.42385772568507907,21234591447061
Data:15.493915409564783,45.892281673522845,0.2438409527295642,21234605738610
Data:15.559522464128372,48.79037904318532,-0.28910916994459546,21234624374285
Data:15.808250232622436,49.31104790267507,-0.6022021110075182,21234637124209
Data:16.19533934744602,49.611823158906375,-1.2182512040349698,21234649900667
Data:17.44088377909477,49.74959507070385,-1.7030135047226103,21234662746132
Data:19.785408857434835,50.203294099758224,-1.0562760251119703,21234675633673
Data:20.19395021824463,50.344738053825154,-1.4187152806554206,21234688359255
Data:21.60063735122725,50.18971310764664,-1.9424029074007367,21234701271726
Data:23.541913128883664,49.8994026246555,-1.4960820218188853,21234714304609
Data:24.75552064775652,50.49202937288264,-0.7369933440466233,21234729523641
Data:25.125204670878237,50.74699020705809,-1.1970774154368051,21234743864430
Data:25.92482375063879,51.4654653412224,-0.48051966213912645,21234757213792
Data:26.17679344297401,52.32335443726172,-0.09083079462281535,21234771074190
Data:25.94103328593824,55.27353549044924,0.2503194466586758,21234783831188
Data:25.95691108018225,56.156991761951076,-0.2862602974916556,21234796981393
Data:27.20370107368374,58.62913816370858,-0.6479589111326047,21234812215563
Data:29.284463649994553,60.682909510597916,-0.9358937100335504,21234831480540
Data:31.8897522827343,62.11499871201975,-1.2004956113668366,21234844348043
Data:32.09557220004647,62.265536933849305,-0.6781064289771566,21234857561300
Data:33.20717935460764,63.06960498099731,-1.211049925752594,21234870694319
Data:35.598512070925196,63.0830556905461,-1.9192932955787287,21234884208176
Data:37.98226660589171,61.504632596907776,-2.3920493574016333,21234897564557
Data:38.232196068650275,61.04099792431809,-2.902317010003854,21234911135759
Data:39.50072180178599,58.699879888783904,-2.3877453149430155,21234925034149
Data:39.77122939048754,58.205641809886494,-2.893869642906585,21234938786432
Data:39.656212379577894,56.21242906435534,-3.504596488943782,21234952824064
Data:39.49929291674412,55.95870550585632,-3.886363018379478,21234966533797
Data:39.17096425122295,55.17988460544846,-3.194748417664182,21234980297188
Data:38.61798111820426,53.0238293255595,-3.590571467176912,21234993986462
Data:38.50692908414428,51.924495767585725,-2.8939659843855488,21235008485574
Data:38.89514006240434,51.3826070338461,-2.1459185415577435,21235022687514
Data:40.06291333360245,49.69166734735395,-2.92847981650202,21235037840921
Data:40.98509470165893,48.28764335689393,-2.192405781644145,21235051648298
Data:42.43751783703276,47.560666882366306,-1.8773245394269094,21235065275424
Data:43.81583290297419,47.554981165789535,-1.2725183095892163,21235078537820
Data:43.97741782030853,47.63934376764096,-0.9067411499906048,21235091726106
Data:45.428283438118726,49.333764363071964,-0.50949377519836,21235104868849
Data:45.638582806089246,50.3631735084331,0.10645694089480673,21235118623319
Data:44.97168691451857,52.59636530366156,0.4739401519412207,21235131853557
Data:44.889294613876814,52.679205672717465,1.0914327036154097,21235145070920
Data:43.51347823383965,54.207697478669274,0.3743231030320755,21235158298258
Data:42.149205624608136,55.97873394973389,0.9384415781268319,21235171581237
Data:41.929083827647716,56.28271246352765,0.31504174209589597,21235185165651
Data:40.991200507298274,57.460769842433294,1.0297080749844012,21235198486005
Data:39.92375577155624,57.72830047301748,1.6207469113410329,21235211823412
Data:39.55498196721228,57.65385613820947,1.919231546801899,21235225080476
Data:38.81117997252322,57.53022952549397,1.5517678715764862,21235238379786
Data:36.528127457462325,57.10737298153233,1.95610489232643,21235252132237
Data:36.16505693537736,57.07721120542963,1.3512554282507825,21235265658172
Data:35.296450176681375,57.03877456237094,1.8787813548734542,21235279921668
Data:32.970805744967194,57.18613098811518,1.1362573846079693,21235293170964
Data:32.01981208352056,57.34345707969262,1.6774383108346718,21235306467559
Data:31.35866401718199,57.47726432108088,1.064776499594839,21235320118781
Data:31.021344756340113,57.593563908223175,1.4127894198342141,21235333405621
Data:30.93527370486993,57.62521555470462,1.024024536938232,21235346889387
Data:29.7655290172366,58.08160272111559,1.3735788549250143,21235360178611
Data:29.102872740891236,58.085919111109476,1.7549864446577392,21235373337937
Data:28.956037332173604,58.00456872798943,2.398461461061286,21235386056751
Data:28.5452734434479,56.9075339022937,3.1681803237932913,21235399100945
Data:28.354031722100295,56.37013675033991,2.431221706002856,21235411959275
Data:28.07663283057368,56.18128647082865,1.9058037316499332,21235424583562
Data:25.682443484271506,54.43054916226058,2.4985669311894414,21235437378433
Data:25.433763931830118,53.58141926673604,3.214823998566583,21235450258511
Data:26.216805593736808,51.32183047798328,3.735542471880119,21235463246933
Data:26.521894700668962,50.14401616537909,3.0545611495831526,21235476192104
Data:26.007558098115076,48.50762573576353,2.619555153584959,21235489066364
Data:25.723923572992327,46.53883612289587,3.377468200286081,21235501684396
Data:26.231887690001408,45.77709961969415,4.081976374651431,21235514499992
Data:27.75112925858956,45.23914403132758,4.662165368110851,21235527343129
Data:28.768276747908203,44.76545487816977,3.8909406879334525,21235540268001
Data:29.05504933658718,44.286831290034435,3.471849342587928,21235552937536
Data:29.314467765625068,41.46970243506844,2.9949902269289006,21235566253799
Data:28.80620760333869,40.499920302517694,2.3227169656904163,21235579526020
Data:27.499728490673476,39.85525683960002,1.7356405067500198,21235592798386
Data:25.00685735194893,40.17264958186888,1.1526745474223772,21235605682153
Data:24.89015450077384,40.19573595987547,1.5983174182322868,21235618483597
Data:24.096750411347386,39.97685647136368,2.0816322285324174,21235631025607
Data:23.252500236790276,39.21690277516923,2.5257588505616937,21235643841919
Data:22.130450929049005,36.46063959760447,2.984218202252862,21235656854147
Data:20.768289594536952,34.08098903053042,2.2591796334044267,21235669798630
Data:18.91034231277457,32.037096286647895,2.548448970741509,21235682797411
Data:17.136540755781322,30.097252825694454,2.253303096779346,21235695723228
Data:15.78180390622523,28.373846000918434,2.697490706372286,21235708744092
Data:15.656433326540627,27.235554386878402,3.366300389610525,21235721713234
Data:16.514059918026486,25.034218827427253,3.6598917468964265,21235734656240
Data:16.540193041704573,24.866170316754438,2.9318409884373544,21235748180018
Data:16.244745242178293,24.084295020346826,2.628774102769662,21235761491322
Data:15.527827560390278,23.34586964924383,2.1131695914713617,21235774282611
Data:14.45274614786057,22.117155010091132,2.732396185266345,21235786941710
Data:13.9579440820978,19.78522680700893,3.1326196123546413,21235799659495
Data:13.95266798139246,19.754131610804826,2.81441570104772,21235812445694
Data:13.727097021170517,19.481808342538237,2.0852243829908983,21235825155697
Data:12.311631702608384,18.14086355991774,2.5731070477444873,21235837761250
Data:11.993338166933132,16.915497130785297,3.2018034689039183,21235850779965
Data:11.95846658780971,16.493476017772718,2.916496540874303,21235864452609
Data:10.586093396299555,14.502081745843816,2.159872343660444,21235877518314
Data:9.117083359785294,12.734872253300285,2.7362864731248426,21235890090520
Data:7.916169487787011,11.073994601070876,2.2948282705141603,21235902833734
Data:7.834936682917669,11.042868197148437,1.5786018177085837,21235916119432
Data:5.067168472724632,11.92021033845963,0.9490588629419128,21235929212034
Data:4.43336423177916,12.62731225425498,0.512520573329712,21235942310861
Data:2.6680127130525646,14.021731354528162,1.291990464945995,21235955205337
Data:2.6598536244143474,14.027030867248152,0.6975230627430977,21235967874738
Data:1.8237294368571497,14.603973230730707,1.2360766146140665,21235980593675
Data:-1.071470346655019,14.577942533308477,1.9234975241796,21235993165082
Data:-2.5129027905888393,13.685840829685356,2.3264958264586677,21236007656116
Data:-3.8055302544336884,11.819118611770204,2.7453964229705394,21236025538073
Data:-4.013816193652213,11.495251261167004,2.394740372788464,21236038231169
Data:-5.339617231409693,9.26686684828187,2.8150332219190224,21236050927246
Data:-5.441637101760046,8.703483523329009,3.1098660802624787,21236063494625
Data:-5.974783637323048,6.863388291748959,2.609286740925069,21236076152240
Data:-6.545250299256679,4.89574706403107,3.109523702362701,21236088879262
Data:-6.709903815420626,4.082941744132484,2.773922255746414,21236101609329
Data:-6.698993776338227,3.634467068433321,3.5579074375773674,21236114369658
Data:-6.488898648997713,1.7769661024586412,2.9505332284876395,21236128455439
Data:-6.487362548099815,-1.021222912124972,3.3337500036252408,21236142200309
Data:-6.507786354101233,-2.713384378239084,2.9252971645642996,21236156249647
Data:-7.585693046251083,-5.404021878548576,2.5958172220902216,21236169658294
Data:-7.890716147660362,-6.380837078000582,3.082030473833779,21236183119982
Data:-8.01491621176317,-6.651285922203419,2.3401375244015843,21236195935433
Data:-8.887748452927088,-8.242483230529922,2.9396076100722057,21236208378294
Data:-9.215801912182247,-8.908794408677874,2.42857160997504,21236220531839
Data:-9.931182084799184,-9.501973477764931,2.0975855046556666,21236232701361
Data:-11.646280345715308,-9.846639017135761,1.4406434006752282,21236245617643
Data:-12.829058522782145,-9.970058965635895,1.908891716078539,21236258099159
Data:-14.789699767249294,-10.328468090171565,1.5943122627542308,21236270768233
Data:-15.967781503668345,-10.769673554373412,2.263965501445817,21236283678500
Data:-17.41987456149594,-12.760297870661237,2.758760990195126,21236295894982
Data:-18.972630794995553,-15.272355364865291,2.417149252140383,21236308122671
Data:-19.3486991504015,-15.470935648791192,1.6961025112379493,21236320414310
Data:-21.754483359513017,-15.384547380831487,1.3737038483644408,21236332717936
Data:-22.202004751625083,-15.188989137385931,0.9439397101549114,21236345476454
Data:-23.905694835783482,-13.19102798956501,0.4681958067528732,21236357804160
Data:-24.035622031386673,-11.972470185854013,-0.25575096047468326,21236370045137
Data:-23.364439801931233,-10.832771134964014,-0.8087020836439501,21236382341381
Data:-22.65255677428335,-9.54855800457059,-0.20362708261317652,21236394844517
Data:-22.831749907406,-7.24785884736134,0.3590860003811023,21236408212388
Data:-22.996314672107463,-4.836358362221484,-0.22281398051854906,21236420571974
Data:-22.704260338849792,-4.153217237298895,-0.5851870165279893,21236433970485
Data:-22.482190506063215,-3.0194437183204514,0.1983485297930525,21236447609134
Data:-23.613458303398613,-0.927569971707328,0.793143392638472,21236460308779
Data:-26.1056916327276,0.21199403721903992,1.4907223935911167,21236472928299
Data:-28.64668632536158,1.1496520087843691,0.9438487365253397,21236485172928
Data:-29.050273323967623,1.2875998560893436,1.5390336759956642,21236497402475
Data:-30.173907050936073,0.8858471323056734,2.2893249676378287,21236509771815
Data:-30.50537618477734,0.7712050169916665,1.5182325135640808,21236522051648
Data:-31.71026772994508,0.428057823986569,2.178259396085463,21236534345536
Data:-33.924079272607514,-0.38867779908875943,1.6702054618158741,21236546822356
Data:-36.04865632090408,-1.1105401368191792,2.1264474487537477,21236559099184
Data:-37.54897503458385,-2.5943494841566577,2.5748768604293284,21236571354149
Data:-37.74225981503914,-3.3301521517508945,3.1945444921059476,21236583770374
Data:-37.18538901259626,-5.041049959310771,3.717981005586715,21236595949601
Data:-35.67883110907302,-6.568682159639536,4.1221096346075825,21236608244107
Data:-34.37934669683884,-7.015597764671043,4.640176349509877,21236620592336
Data:-31.9350657488955,-6.491897358636129,5.206730321328171,21236632841318
Data:-31.01849958799866,-6.1997931485084,4.835083401834459,21236645175840
Data:-29.299971378440897,-6.2780729346764135,4.498656525897437,21236666560479
Data:-29.276851621961754,-6.274822207146838,5.2054977678688585,21236679625404
Data:-28.276987683753003,-5.402405843281599,5.654144660194743,21236692777859
Data:-28.018757648466938,-4.476446894400692,6.368289101217514,21236705861707
Data:-27.941328113651558,-4.2047012123072935,5.64292562081783,21236720312217
Data:-27.1476769970809,-3.512674898130979,5.216055427945608,21236733963880
Data:-25.42001587197832,-1.6518327782679876,5.853711295094731,21236747715414
Data:-25.152246953723214,0.0062679226081513665,6.392441227366116,21236761630996
Data:-25.1450318285259,0.07277942682769663,5.957815754684789,21236775211060
Data:-24.971848971223835,0.34300487378008027,5.46867634042661,21236789034506
Data:-23.915702692714365,1.038025345762901,5.12015950355985,21236808314976
Data:-23.763539017297443,1.1456657475138627,5.535967182503288,21236825689300
Data:-22.603156673511062,3.3894717720460337,6.075858221940759,21236838357584
Data:-22.582033829440405,3.4392257321183592,5.687540329937675,21236851137658
Data:-22.372046613700444,4.1015720418675645,6.264807493360217,21236864316240
Data:-21.420728794160645,6.827500933212173,5.630016287536238,21236876627169
Data:-21.15544053566224,7.780024736772964,6.393099677482762,21236889420346
Data:-21.123259206673747,8.21548279080007,6.025734643232969,21236902038919
Data:-20.79766981395584,8.983690599905822,5.738877783272367,21236914546247
Data:-20.346789507448193,11.740989378055849,6.5033170152530255,21236926981873
Data:-21.2512535059784,13.407191818926083,7.057696478487966,21236938982108
Data:-21.276767529308728,13.444432399393941,6.710004093711761,21236950945814
Data:-21.43151188339646,13.661083707595571,7.096825268382512,21236963350133
Data:-23.866639628008908,14.903147358300988,7.667810075788066,21236976527992
Data:-25.211314052829078,15.638957903919572,7.03876589714201,21236988888726
Data:-27.064918939980164,16.51698614722785,7.784444628151581,21237001334201
Data:-29.714344835459155,15.737614888398799,8.495710695776072,21237015056523
Data:-31.427731498543114,14.799184455606541,8.21441157841624,21237028078529
Data:-33.88721842674078,13.37486754365607,8.543388918562348,21237041322376
Data:-34.74103169200431,12.86707767457408,8.237647933919463,21237053460142
Data:-34.98384833427323,12.657658999070145,8.893677586429611,21237066133235
Data:-35.933788978032425,11.567569728717512,8.522265062689314,21237078647970
Data:-37.33208675227494,10.932773847432781,8.038011768022141,21237091761356
Data:-38.847430538233354,11.023622394735309,7.5501899820386695,21237103722276
Data:-40.331088065126416,10.980277180238875,8.216186886062122,21237115659705
Data:-40.643242322684934,10.740224387302613,8.802902475897568,21237128090461
Data:-41.206194694966364,8.477707521467277,9.5589238006915,21237140141848
Data:-41.65566552018602,6.738232194013676,8.784904893500473,21237152156146
Data:-42.09023455174424,5.332647855609229,9.464948631107056,21237164589436
Data:-42.186226551885014,4.901689581833887,8.946281117167551,21237177273805
Data:-43.431643663305486,3.7252380110217134,8.275541527218252,21237189700039
Data:-44.57665615707826,2.969447330905382,8.599268049771387,21237201632583
Data:-46.34378996772732,0.7043424417724964,8.92524206324531,21237214279984
Data:-46.985818604283374,-1.2010854585252104,9.274314818732712,21237226862666
Data:-47.03435003367785,-1.3435304610235903,8.918504180495734,21237239501088
Data:-47.34841683246837,-2.219649422987504,9.242641852932671,21237251803876
Data:-47.32126048322454,-2.512595177689718,9.791787605069626,21237264419228
Data:-46.72566177832421,-5.063816759854194,9.516465377349652,21237277126762
Data:-46.99481311804904,-6.2663570248695235,8.892710444346163,21237289096975
Data:-47.64925010874787,-6.9873907319551565,8.482808390563104,21237301602697
Data:-49.00511086862125,-7.491113286035647,7.93657846996,21237314016930
Data:-50.03618755128385,-7.935352729148735,8.58501528116342,21237327312726
Data:-50.925465463418995,-9.315791405750508,9.119967180022504,21237340100686
Data:-50.92400842791161,-9.863062874862385,9.73491345565561,21237353119563
Data:-50.72584511107755,-11.63921200010525,9.336861622699601,21237366483579
Data:-50.58544793918157,-12.583204522319864,9.807983746511132,21237379357581
Data:-50.565404030974555,-12.93584982269133,9.155127438877106,21237392230663
Data:-50.57281890403758,-13.0411331638133,9.553805096260604,21237404917795
Data:-50.82813156568018,-14.884780083091027,9.020536401978271,21237417539253
Data:-52.00824910046297,-16.332571580073967,8.461239329160211,21237430808953
Data:-52.79883944823344,-16.615954883839812,7.935080878188058,21237443934170
Data:-52.98799978275025,-16.69336077445696,8.549720140991969,21237457033357
Data:-54.08312571259599,-18.3919193700331,9.154500832007644,21237469297751
Data:-54.22392048003529,-18.60636400424888,8.533115606368742,21237481532000
Data:-56.574226326413815,-19.410398745400233,7.834083328619206,21237494016955
Data:-58.577643660463494,-19.937040475410708,8.387992022923166,21237506546728
Data:-59.750983278603485,-20.19490741603115,7.752636472778575,21237519153417
Data:-61.69394861728226,-20.62064500879503,8.386743463166177,21237531518280
Data:-63.35365179070568,-21.050739618684098,7.828343511500771,21237543962863
Data:-63.511882004625456,-21.096300981214085,8.440338597088468,21237557700504
Data:-64.72216638916893,-22.544744095246653,9.01709654207861,21237570415071
Data:-64.91933467289545,-23.249480726258582,9.286857722358825,21237582883104
Data:-64.68638923466638,-24.969587660978153,9.831910344465816,21237596276098
Data:-64.31462986713517,-25.45784291467701,10.319164839470337,21237609509790
Data:-62.12183572313277,-26.29368545044799,10.943633672559669,21237623489855
Data:-60.201237820507686,-25.720133646322857,11.627917275218655,21237636288356
Data:-59.57540170053056,-24.942754050663485,12.149188263363008,21237649502748
Data:-58.287864123530326,-23.486392559842784,11.535655739764826,21237661821201
Data:-55.739079659980575,-22.995347278568453,10.836146179790019,21237674031571
Data:-54.1607696769457,-23.62674379155901,10.39391042212776,21237686325810
Data:-52.12808399318301,-25.579831372219587,10.066377627116118,21237698556169
Data:-51.556020640659824,-27.182789543366425,9.468759494129436,21237711536629
Data:-51.37835537194993,-27.593428300137656,10.197471079974303,21237724276252
Data:-49.99586278678338,-29.68522755253398,9.820099113458133,21237737142073
Data:-49.558277239198034,-30.354186134800063,10.188002283265298,21237750026234
Data:-49.11647360943532,-30.671640635010373,10.557021847633239,21237762260114
Data:-48.88527595577777,-30.889657428315907,9.921997612709802,21237774463801
Data:-48.43442706486477,-31.28531598821663,10.62856572804796,21237786986610
Data:-47.68448842631528,-31.72679643782656,10.298461053970682,21237799178162
Data:-47.68081881462619,-31.731545710523687,9.86679802282872,21237811513979
Data:-46.008381868178596,-33.28248255100273,10.628905469685119,21237823822893
Data:-44.93933842094434,-33.51533653997884,10.933312139005034,21237836411994
Data:-42.11859132474763,-32.559959571867516,11.710975535242579,21237848880770
Data:-39.811291619660174,-31.465097414877484,11.166287921109713,21237861233221
Data:-38.67212696183542,-31.485779277984353,10.788554065560756,21237873558719
Data:-36.76766458265302,-32.48484876145758,10.236337207869159,21237885983141
Data:-34.40818573880379,-33.45430090985711,10.975118278863198,21237898172622
Data:-32.83184078243741,-33.77212315031865,10.618125288544427,21237911371752
Data:-31.813370886234186,-33.80845237793817,11.30171272287503,21237924238962
Data:-30.92025677175293,-33.06297636807362,12.08051606595272,21237936652645
Data:-30.207850877198034,-32.37665819325405,11.44413099295196,21237949115250
Data:-30.15735637050575,-32.36664566956832,10.938517940272144,21237961575769
Data:-29.951627591439244,-32.30921306318588,11.597102107190185,21237974191297
Data:-28.29716657222997,-30.726939926800213,11.92024480556749,21237986514551
Data:-26.264972441631738,-29.262849595745934,11.319539931854653,21237998970948
Data:-24.00518846072898,-29.100067989482984,10.815428519426703,21238012026573
Data:-23.321686537605594,-29.12468635777473,11.103715193773747,21238024890225
Data:-22.741310085954257,-29.19912338693775,10.63231326211399,21238037642296
Data:-22.21543334218769,-29.605438574639106,10.043163155761153,21238050451647
Data:-21.35436527646297,-31.400870886604867,9.700763155778976,21238062875461
Data:-21.27793139542744,-33.17306472777075,9.234998393049533,21238075686193
Data:-20.882288369769896,-35.395152293276425,9.966964811026262,21238088405329
Data:-20.12552047237915,-36.07434709388728,10.56132584988597,21238100908177
Data:-18.349365712018233,-37.50691310346484,10.072372796485775,21238113712920
Data:-16.483099070398634,-38.8803154055973,10.649932446308071,21238129850432
Data:-15.499671991727258,-38.83549390833307,11.43230676834796,21238142065602
Data:-15.390388462733506,-38.737944451110366,12.016295408022243,21238154412665
Data:-14.979878997104743,-38.43535035802846,11.245264771858501,21238166819037
Data:-13.575109725094602,-38.48999586537406,10.668123034902246,21238179006154
Data:-12.620739461785774,-38.49784232967434,11.306582681903212,21238191479655
Data:-10.704485105287665,-36.95033510662905,12.043243998028768,21238203699733
Data:-10.149743429813451,-35.24547003495427,12.460332665993178,21238215823518
Data:-10.638204628256767,-32.64801858271572,13.04417477191286,21238227879293
Data:-11.399830286960604,-31.805195664536956,13.558233899652288,21238240144724
Data:-12.270615493492983,-31.458325918181508,13.957948621019,21238252362208
Data:-14.604392974505538,-31.536302102451867,14.383184420826474,21238264619508
Data:-17.326738606552748,-31.30331373110631,13.720398173172123,21238276897514
Data:-18.331068452969976,-30.275647297423507,12.96017126809705,21238289144274
Data:-18.451889020377074,-29.395457966105976,12.445398067158473,21238301376497
Data:-17.567112941651533,-27.568394417317904,11.785388124484314,21238313554714
Data:-15.350471825103806,-25.940161655979285,11.472839003745824,21238326016643
Data:-14.139955936677257,-24.724141217606793,12.093642851070552,21238338165289
Data:-12.0435832743785,-22.89787902200768,11.330800210256713,21238350456222
Data:-10.815166760856982,-22.893679034511955,10.66718638940834,21238362744634
Data:-10.492348043652646,-23.149962946581024,9.981948589769587,21238374959955
Data:-10.039154115734481,-25.274355979707263,9.287963573246167,21238387408887
Data:-9.671206545688609,-27.04287580196775,9.971847611690228,21238399798325
Data:-7.482964559475806,-28.89473478063353,10.614643509801478,21238412255418
Data:-6.411200339939205,-28.92932032459938,11.311987990063358,21238424773868
Data:-5.31431019510876,-28.04871939686286,12.03207186749713,21238437315586
Data:-3.89677421893648,-26.881201981967127,11.33703884690111,21238450018234
Data:-2.051070659739628,-25.778819208205185,11.73092871505536,21238462534731
Data:-2.0012614608589727,-25.6843019071095,12.431808870754281,21238474962626
Data:-1.5871982229489163,-24.316279223689104,12.113118187987101,21238487779544
Data:-0.9685000783285773,-23.45866198137761,11.7697140715733,21238499829013
Data:1.4862695146290092,-22.31837080849282,11.091161450066755,21238511925408
Data:4.1442670590411925,-22.728276677855796,10.593965830633753,21238524210782
Data:4.987274128796514,-23.43776329550759,9.997971918529316,21238536293678
Data:5.257572543194476,-23.694211029508004,10.474957798358648,21238548653735
Data:6.811292694508791,-23.943444531511183,11.198079199742219,21238561101437
Data:9.260197907712278,-22.554109925661738,11.825169586805844,21238573452378
Data:10.123226647480237,-20.83665353925486,12.376274004789154,21238586353084
Data:10.166980244399076,-19.519674103680757,12.6900462780042,21238599216901
Data:9.579418588783142,-18.112918953766428,13.233989105435843,21238612055501
Data:7.276331963261145,-16.63695326199464,13.9004927590964,21238624965468
Data:6.685799174903741,-16.251192885761974,13.216540312952878,21238637994600
Data:5.99923802791435,-15.631308967289716,13.588983046923698,21238650422426
Data:5.907282460594684,-15.52410641568207,12.961738232267708,21238662923709
Data:4.781580019162414,-14.206801282001118,13.58526171668039,21238675529641
Data:4.2194910970465,-14.076928953385186,14.234935670826978,21238687996974
Data:3.6500525287243932,-14.253238965441312,14.639917527984329,21238700466083
Data:1.8944074526551389,-16.190923879424997,15.303710588347919,21238713047802
Data:0.9241500639506739,-17.243909386845225,14.623151834611198,21238725422745
Data:0.18610706046047198,-17.473515949814555,14.254403299969876,21238737733423
Data:-0.45823591858270446,-17.363987225462598,13.683179174897347,21238750122709
Data:-2.020615130462204,-17.096598487413292,14.252154922874864,21238762388010
Data:-3.493940785069367,-16.68692076909905,13.479755253849298,21238774958454
Data:-3.524345800939591,-16.65217270064634,13.09066083819832,21238787736697
Data:-4.6485234990917546,-15.231131337043802,13.38065436502199,21238800061588
Data:-4.952570814833803,-15.038697210412455,13.765147288216532,21238812968040
Data:-5.706964686747199,-14.339391904915647,13.014144893468934,21238825726574
Data:-5.955062330777162,-13.38018857513946,12.624802003999054,21238838814222
Data:-5.380208974999095,-11.099806436523442,12.014056463136262,21238851911045
Data:-5.275037138561482,-10.503900039516463,12.769301686753153,21238864438332
Data:-5.980095613234425,-8.946501747226659,13.213659362286093,21238877018712
Data:-6.972275368789871,-8.047281834944181,13.588096567731583,21238889599998
Data:-7.258308189121488,-7.995083454608482,14.325228130780525,21238901957465
Data:-9.328262014577524,-7.853018613808411,13.812056886350494,21238914522095
Data:-10.766391368425491,-6.985916931886527,13.377124184296449,21238927219345
Data:-10.979239905877057,-6.879170498984399,13.967494211836236,21238939576504
Data:-13.305461987356704,-6.870099026582466,14.299040392414785,21238952361627
Data:-15.38989051977038,-6.415718244515517,13.546032382491926,21238965092623
Data:-15.811504458087075,-6.2625481065246165,14.031362960992919,21238977468557
Data:-16.480633557135764,-6.42978020345164,14.732787087870237,21238990042227
Data:-18.30128954581867,-8.516778023429083,15.248450640683714,21239002674843
Data:-18.390910703748762,-9.248782223372075,15.923823348931913,21239015242426
Data:-18.46387797385438,-11.273908205889587,15.42007239068483,21239027860084
Data:-18.875332394847657,-11.876277499475645,14.797321763496447,21239040720364
Data:-18.950295742819343,-11.960312583963116,15.161795882118906,21239053073203
Data:-19.28805002703,-13.079959525273626,15.668169986742079,21239065410487
Data:-19.588100504729063,-14.09504785774592,15.172943554695477,21239077885725
Data:-20.42792377112038,-16.486974144200495,15.56766074452425,21239090150594
Data:-20.381740170617583,-16.733338022465183,16.218886194955918,21239102727955
Data:-19.82477849899634,-18.82267613256222,15.718070709923843,21239114713494
Data:-20.215175544844932,-20.810950692328824,15.310089481668447,21239127399338
